

                                  1246666421
                            59000000000000000000847
                        390000937            129000085
                      600091   34900000000008657  1900082
                   780081  3900000952333335680000047 760004
                  90097  600093   12469888964523400005  20002
                20087  90003 7500000000888800000   50004  50007
               6004  5008176000063                   10002  9004
              9003  8002 30082   140000000000000083    5008  5008
             000   0007      300000961        74800003   8003 1008
            800  1009     700082      732237       90003  6005 70007
           8007  008    50001   300000000000000087   2000  5004  000
          4001  000   1008   6000081          300000   8001 3006 1009
         3005  600   6001  80001                  8008  4001 3005 3005
         800  2002  908  6008      580000000893     8003 4001 4003 6003
        5007  800  900  0001    600000842268000004   4003 608  908  009
        006  3007 508 7008    60002            50002  9001 808 7006 3003
       2001  008 7003 808    0003   4800000085   4004  004 2001 4007 800
       409  1004 409 9007  7008   90004311360003  2005      809  005 5001
            5001 72 1006   900  70087        6001  900   11 2001 608  006
       55   908     400   5001  800  400006   008   002 30077006 2007 400
      9007  004     006   008  5001 80055009  400   806 3007 808 1002 3003
     7009  3001 0033002  1002  008 2001  5007 1007  908 1001 300  009  55
     3001  900 10075001  200  7004 908    002  003  600 7003      2004
     400  7006 500 600   400  1003 009    804  002  600 7003  66   5000004
     609  400  908 900   608  3007 009    809  005  600 7003 7007     2989
         3005  809 900   609  1001 809    908  885  600 7001 100
         000   809 600   408  1003 608    608  085  600 1007 1007 309   802
       5008    806 400   508  7004 508    400  804  408  11   001 600   005
    400005     906 5007  200   809 3007   400  804  600       806 7005 1001
     53  393   909 3002  1001  808 1002   5007 909  4007 581  4007 6002 7
         600   609  006  7004  4007 006   2001 600  2003 900   006  6006
    189  5001       600   008  7003 808   3003 5007  004 3005  1006  20001
    5001 7005       3005  4007  809 3001  7004 1005  600  6007  2004   483
    3003  809  7006  008   005  4007 809   009  808   008  8001  3008
     004  2001  6007 2003  600  1004 4001  500  1002  2003  9003   8004
     908   009   809  600  3005  600  009   008  8007        6009   30003
     300   4001  2002 1004  808   009 3005  4002  008      21 10004   35
            009   008  400   006  4003 6007  900  1008    70007 20009
       35   5003  7005  800  6001  808        000  70007    9006  18008
       005   008   9007 2002  808  7009        8007  0002    10004   3
       600   7004  7004  900  1008  1004  5003  0001  6000     300002
       3004   4003  5007 7009  3001  5004  9003  6009   0000      8007
        6007   800   008  6007        2006  9005  70005   00003
         9001   008  2001  809    4003 2009  2008   50005   600007

                    DIGITAL CITIZEN REGISTRY DATABASE

