101120238836005269809773416981882641266011205065504744716304420651224630140594291762148518493854239011880064057427658763683069244958109513045500275873034796972229132343332114948280857375977917029119998983622742754322089088529549228370202649396889303915991969634232858628904128585490617087832616575365078234453
159381027816377579990047230384831538003078331078323803766802891689115892613031850800780882544276467298003533565089989693240649976295077874590042506047866993200077555163106459463946691696941307696500268817221301399484041592925371183598726564031941097972499523237911344683430257944897631699017038350271459765861
119918308380715604231124997929145414866775023161614173871163904451764130289710995193525822932617009439262064141115211330586058561519472243479704286072036670526050180007072177115201850133196917531375629686719156811967264344290156743531771276812555687230360760825579360418336575502431590045692849143606790427753
112460425940766818043943271114210753444692524085556152358228779867925099673194579901269289453310689712594198290477113498674664475031046275438318049146081867972252164087987516460927770127614859495732061940363944003734755313262860525631215206221505734922924772401220451698341535742452850940814696110299551666613
133361906200476952495315608433844763181853367051620089084172645421443418208157395617059954692635110075004206033142343056308359065911926847058207158773517774619254019548420265843048605126465734089589489868154413964276403245609324154957815506003695827288170818975237794733974197582654073849641293280678573806189
133815579764693822143252342239053672820848285965235987403975725805539653738446576129274341525195162191964663203446383621035604464847439277826348207426417844221401102781368194155757861788769013258713590303200635478019390301841767455623862340242806575768973314486861230391699132728761193191574482257621162605247
116341567912803459979041294741764603575340408153653904780544812646691521918351229847852437050953612963831883902050315638165265628570294695436275860088868476731380329309720448367760582814263965549290783269784749284897414115292184082729176289095712138007215616531455134848198538936938609179537423071139518192287
129578285202633706510479734761736258212150842012184604908627624826644133006009634287666649560061617981773586874672921068339449772187359719038166320332839105234925362137584699317102633190781155406333777260553715361070817073369183361179670792283047424212969544120068837209052043157872477706161375837138861567939
179769313486231590772930519078902473361797697894230657273430081157732675805500963132708477322407536021120113879871393357658789768814416595292802165888569769351542827587047142438820418650947107297555779355282371389716345843910845822470821935855348594092119488733089969238938734039602158147697745899102701584081
134826985114673693079697889309176855021348273420672992955072560868299506854125722349531357991805652015840085409903545018244092326610812466869635572978958294484036133851525154071869532413053653636344707794672360658138974618353963978546138146007293205916350447471877096738355617937935333711395080148914641879263
139174700494301940665569145445111119212135532482144368347445817740712552920163528581541713574998916985133850195153322661023552847313542795951128481197142462871878480227453538155206814128641944270520205750787010633508405208525711095293120654249230463493613218363633214668721564643892109049497686507287211584101
144240847756580456372119220485197960073985321039497375874418125929756574011556171475963911140200958303901279738340771687519370416387628905288191170992483306355869848516267543353740434995605843373980895711334382709779561288128451020465161169264463596390107335835167341257724375254197191745929105474436436294597
177845566327070847827872149389564722518029646762841195376018002681546034051084865538734792760828375932806350944399841159592486147781072322077558142848655593401402158300946163338868247563162121922082258434494058352429728065029531437608921539159874977640728412314764436131032452565900983966196908793084224702197
156708155462971561499714155035369157774317930064797414552682638036819421955294614640047649052535571060952154107394215476731956447606714454103480945985108316171654124493434015255168521479807170178290625684618356939065310013014043773104050016424557759117135637470682720324122541162909077885823394654126369913621
118645677005659125836560274539515150939140017194115013173011907582567067304280249355176909019357940315089447177146147084877555594086479967195036946903317885305642604639993428896836670345137238487966332964488073364182594899554485803440203901877081864772445416167101999274414924202763945548677101560076320500051
129032142890673546039638870424864495129113144871242339400336246858212010542034079010971094704801483549713599698538257331603282259355424290770441770106754338715041997269950440764398663559527086118840183706355502612082051506879854671506868704373403667008174332857070644672995265971011375230763410283956487517597
121258612774067004206957818618452810972911673987629947247093474579579829500110934213674029505797063297270427148141948117943678880938464995846764784625595902430340195114126057265989771680095657482949426404864763148925774783654457767328010299549287391636533824084849945763458950272977115089064108546708399882207
140848778860827009288053355298266225285919320276544502324053760364085551435274966310439489622224025285411543268870627342434871875934855250964193341099885733211114747538138199784323662312397433747608113164961409758203389450416532526349504817426091113529214746635010484496747204074460180774011033674329587049983
108623982860541302974174692410807212251246586264477304268419009740427948010391422722317048207542801898853885450949028209123961943560085946238101626346477429860266799214002900334594821389411378818115202143606035014043133866139207583722202913769039325697243348775515211016873676998257404233515261776466869068203
154379041312269341405853528096645387598171319862456975382656457213146050014244534843562173341887561110933880078621950406790097631837943860920036732374787566172279287216258413043973461123492637789842326202805024697638739307681044983995787567409219358220582448662805659789247958570496160529533725845957186314073
129379321490276597289706411599557306089098210819558838916817775123691914250622458220330586340178020599884862769902801735025126449442867540731904616844786549837762023247839848477248807118463316162580197421653116261298670556994526466066744521560950278240628638873518889407869444372257911611280747618423302305027
122295227020147254385514513352223598357677289825144604553585773481998144353972735763458822499809162287064015194777385827723019658904170263165014705949981788447017687697701094692582331170795215641927217115970864673945023948772061391170982979428875776434723394450937392164642673838564896334295079177214267312391
154325854638015267956891307037805700015660944447303975302036879482884257525390579200288077048218529930165413141561235955717004530300722640394590406664263033919047113499004192378983464549634966673526688363906775548268955155261155968379557266501569502689744729703880052872597892420606619817061487314115687594071
133810450413562197986893164865466720919001285542712974431132570964139332790408320862066289794496784344466690578420153768242596929379586233470870412112022784121909228434125063133395888271201078135430929987475741713643450171378799627990647197767701865247790684126215499646778379812881479509760008843012476257877
152434790765225477899363320180830054105257315501556839448865708960227651396722659307523277893457593374646296803308522618673854778342833799438056399807985664698671590707183285368561060138334203061472651176600128529664476595965023224483561370583448598106442621117390523056293215428638754490958238756937082505459
178161561969167499138872841831181167359179860107432784381129894415633920310811439910848222108926836054827321681163330368909355564299424808202468294633995931667266559872206132449149133420066290808961879024001291527714481263535225195516689805466748955819125376653990686015682251764295479449257296160797858087953
125274933813696992132167032451705608999357456974332243377024334264949331021277517462161683681602842748063985272712388998422079778143904056450753008633796720261501580322035594371618363740230965125421296820636408258018002263954296183858279735631834360954234398947882521996582678090421621069304159543966438982879
169296466157561692203705788512896048852156120286610382122293461862304755195006529533800203286655405425356990194723530244431062693340834906660866343994437984892664702861396477670725417545540837255538817253808603228786122704662554700762808208474865430874122461742982593362056835176451984294020410452861330842091
132162361158410499194870805541765599329029502689804626906496027683722744630688918858686609225533551338753547653558553460962370092278822146833308016435789706965204571828459214855856918679741617521180825465017185209049167789260769981575068488173937139958071845311244326538392758901258297554928600057807273931209
152941347041651641534232093506423644986214829517151593933853202590478734651698538811006940899105009498946668882507511355645825622500995211382878698609168449511303411970021650595168871305145562018290132871969599430170525463780453881151652457970229208353211933764704385821045517601859383427340620096286360496451
140877279986648946410493207637298582184405818859948068287077288789270985711950063847959997350364753209249111422675705842920566105044528934177796096548109411710169196077207130443979947685877261111284639159850062593275231870298296967302770150390490238324064851959010616980784202809361225325129300441814643884849
137377099681491232804163847769048090383182891899364895902107666154245534127380001047897257185017431633069488913143487677904826285802582516480459770122373610359010594056869641506586579881645401649286960078078282109592981866404134085274847107470884229455521620668967603978011058399287626118562673065991564790627
118278132781581292574875138374517539972473679071252062777482061306136149307398912674508595519315384760932600198024009868216952485254621608149338696931675998099822522623224756238884662982038449731025477562436446110381258926948839281117719747149370748902899530329299008062081543228825377575371052664492775729041
101910289019872274107514287622686919658959690178194009291074108642342738107386989405701182650926616200329394740971066471606200787400260220850514094145999214600809662656815064025404894365097864094662370695361910621612259056260648122884745117922386667782123965236736927271441449828210932897416146382437838844281
129557502283182758542916518162408854388090496671568382622761751716640870083002937913795694913379075996194744183193101378374897030006576786817705367778911883387577319961467311175908430413362917643060111026301067839371751353753113080208310729002868286206625891135360163905726702264787993759661507570120109445427
124634194543161652836100718314305457570752404296987858844817010491952596075250473388974673057487743241391508432381812899951778486810678317610065726817376543258505960307691579305396741741886812863196496241059473262768876131507557295298900903039910560322047615137542965317323231753430555835694016725600995382101
118423295125771315301770366967979767934326812394044540004995642818410143188321709028122768975869745342558455486839093617640702960421247217444484162953523957955442530406333446079781861798197556717649523073214751833669065355746680318254596561282987549050773035550433031308155384227271405111039941950387661199819
110905072933706493976819555296489259107834347065664156548812998728509029825611891643857661219909439433348993740984325349909194925734898010243167419308084395663726460962796235167187277684427847691836360977149191177182552855342680373753654075359000094042717376026286376022882515178268048237380734519312653861087
119961797810043525111924031791444953706135569927875325218119808143469064163681104314948997593159359152391402291297735416790232749498451503680469182831681929096436283610137541325060026720792964296423077291343993551191755248099445576103632753445317771469625636574796230274540933837616892213849638338399566366547
103529146585442697340020312191143743212259311064982694420837835589054727043294498982053096188206058214163092976603667356157788040324724396936797386290648696294865140694952062312157163984205599788456651209380420365362219502869709644078483412866981544657505449176903515481873120059898093504141845746040585970561
125118396501582877222611071405089818632834009709101148710409256887829629665008885879742598461407707252306178639437823970425052110957752087351899470616131337779973072122523674318647117786924963519418934269603629933277684343049508521504192567258265522663213546158153915018754438711689019719923888005043902285351
141275446802215660286434775016386372554270891801483662627627024789341865170976873034237450786017840920170663271678102522582614052652629241922180060237605128433557786946888035527136798234110751482638229288269874418033074051485224996920346291734203267691529154817911478212047884293155452356985477686998642845619
151483964569273598750016023006784021388412653260709004063269147646059861536628488414880328925616806033666687448917831757622092770544030494562665084701311148389314052012983879939281875092751655659709119598900129516535135626601732042646624250869375055771867548827031774670960421281459835810870725912223584746543
131538147353874288668821692377261694325615378091782404697663447073264456315379446879873214152212654095658630693380609351848719889016919060699766325164014753746994569720970295147626159217557830129363605476314252652341957691222304820937453545364650453551346961795026257895020889055742076667100504324292267120277
135660781133598322397099359134155614037422825584529785816937029653687108608517970251847209720134369576237684341419516382872658854216527646939252071265312583762647551272998496435457825548183238508066037833088875771035149298190861775266065264133880252067265655574166376747455941643214082047140648724646244172797
143534519040413042702210630506495620751662181463025421636908763122375577702074034994869558907609711614194235228612350455107705145767100176942457841607446284111744983484049084146327133861904519383048737751900912218495021765228067066935928958383988164870666338565256849907234272743852054929206469514669307390379
134561464276284953569590334393912434150158256318586352934983082287731770707903199261431243490338191669134761648671813892075218636308807591958375007764646049718062825201655855798641025306383655801848384428347041479106660362573297580321952649433702759023549226697040178440123353420246353775932606496881716628923
109144307781197820108734009085238964676119105428557604082376877231945750426377803552769499784163382831155443274273505581002963370627754771549150582457992343765595628199005012815744020239379885368056800605992803267089902463961389212735620676761480863744066002962844186044130588015953453230918862513053006472353
110940395514473782108965863849589928982894831418362379700743914654423626489631453542118552984792468769714292628326747894786815768206157838997755968912990210807247899421794891594163262691233704363594844622821149949251539164472659541129630209219360391194607285053924525240153580114551760697436909193921759611467
170166261594014576799578632307628613572178817185834936637518487147998507002481362313783862281467671104910950225135098978913557732095421204707163000743466183958670678565386360050334995878718172656087918375522632464926585448693560842077573869313298730450019192405967090767840356914644254484301071745739417652311
116670120536235530818157355858792730503155262385034134096681103374611863711691814550945440840506147142143742146660292218072216666995043325055794802274925024716440945227150186803962349480839855954462239826905323203545340625268704234844935938291306484679476458226789014700129651554393501594347880144669985054859
179769313486231590772930519078902473361797697894230657273430081157732675805500963132708477322407536021120113879871393357658789768814416622492847430637720785334769300002154190027286841103155617451094215670080095638842655600129745143317532008569541275924325044589539517369801850683161463352940228049102882101521
141246142135188004445273370965295879279964649825267651000162815978066536578165105287289273059284279049868235433941365128373452941198641608315428165152639604459610129670717489584277257991149149937157345604196474900898830522093881655740627744008585700281143384466440368064697153555079611992790657624262442159807
150546099775828900429704573701702508041818096689516815496793537217578321564092330892244389439760720495073646019841632568285856190403971517129085355856349065451133277475765987188703896413702316809599883002169092102687052879590708432818583636845178772999832245405795909596924427433678053762131986040981222760233
150760873210821015952650344796902108143877287384397932848636726403378821432075086706288865059324089736653204332368191368512844800795048511913861154779331474202659397938084378248076591542718854553438633868967416125589530977542174847767856347287643617167761281533950595081033863920245813458286942393160190456231
131397262428340718561408132726928361651517479388096690436024829837373987379107616803179216796353467960259189835707788064581958143554128766420224247670242746656688307438272461537742152757241498662032717979217657390797810045646058272115996377120930989043797970450520757869247311908181211668287825298254515647289
123525593920039808688156919872044514378342059622768822225226393614095664949628762635257578104815239845716531154808504172608141911575329267499794549827429081270057798586342803651245508642271775896644209739180098922565999481764696549354079756922686487775346214750219693724517447664638476373306361194285906462637
148378933428027717631471036644714769204102244655673726963536883058889148096779231458449610989831214988191257429076286009815554628187744664332603139736155184420215178763850351129028391368701031073613762285616229653948791553124759407478025169064158813315595910971421909516574937174145065673397908436176684248847
110751031663302055482409586602552357784841172250963097228821817389089852851204230634812970750705190672301388598339708023292776506126495715799118403043131762370350016318369421949347056787947868737559574442317145693524680245148285435788049990134412525249668903715000696446786436063655262299350402218745256080981
107291893126420508066100459713643207501150622782185060965241664637653142599508220443651769285857579881810117330975154127271162236307608963462836657766997833960386613710396755188623130550256741445843995496245440904566788946847498544741866325236680443385175395145719022088530787844443352680232311068153789851047
161946028832911902640568811399393101695396409755016785378957391632967383169980889222184278551369800217622595925517933223793808454710040551266162783353530648196919477753311182029724103959009040051751663313976265060656689456982070526855333061065661420438148909475978461860151370072574573498355915777883310860801
122726859159326769427508453634724023818771062202937341102301327580350937315011095640994927972488885663230163437807770669755150959298616069868516732872068762699781395284647750905185493926132921596121344396396028069190916484048367100659632126284691868257601691689539852844167068390966480203839882234765751386459
132939609060673004057053856177685560082054540431139526075234027436351401230812326252565618029941135107285231493512571286595805055533296880929387765280966915556524091798643514729782390694856848609267171121558980423905946818782934152015813911254143546634037866630385101736598291752223543647054485554419286497613
118619193011720903738110098400451376946557166531132254305466637431995393129614558104823271823652875653146726255189677043513098449850222221312137350675940148245750797267841585493632003778912559618001108625176424101341709935940360704958178428647492255320794818914174494060855300178875166256383230855536131386537
167485203119364611198015308027904719341957478367905980666346551593763772674093308116000780954434334598026019530218409921528640120868629516741617666729336381789511161466777890929186623679722221512143270178991184002871708888904099322404885892636606366589503885012335916583708630055234059347586159411097812844421
175420498359601370451282146515989844593446689604549480962936788898820776270093774169526635925401962615358496435795651913352198125661174702849439350127566120974691563426127257252857928776961698836774690626369641032033784107007479152471180093739178944345474608619700938158593161911149270233201111782702000723939
131435048457000968169059835533567390093887506483028001790739894053329886681710054438673432678949737452346887364996564857990692017985027666229921651816180037179857085822037200751780131960665912266775970072655998224890646152411021413025095130050709730792272504823076235688889669591318806155024888058499184720979
176343919874963178512949733454361052428709022851082041849371550961528444058816423684395950909560950565156996857666796706819302118044962503237067947021863689796388877518325149500925713918997700436271579277633218708147061838410713405739180525293665281706755872317794140199821427270434421535138859549314600395873
163280643417507775405645597379679889599279960674243157038417151105583572230598995448471695899545614144449285565587684121242982250648696571748824793853897045472614336850025944052400464991691729064585994040720822886598136913253526780095462384559307446745028241572320586896714445117295999368595459968566742947467
172546509344214628817840180720104179560548666867623075532659305624792831147447462950339237690888781013694204695214372161249123543284533990780885907833300864244732266590599326998871744981905685227751039814976953663180229310577238251844461207255056566929090293875898190675909862267126411406031196782771266202867
135251662739897947128862757583354297692678669600866147272155346633353701675391658758917017950232766588246090167260496198021932491455819857542957818782828462090467629187206243158771076991709379800566805827183631153687926117115792315479758732705423937737385683118130728124385416789890582007506901603624881109753
125196192287376907407061719688507138502518306235214640442555164130434284143515783476866905734954700355418760868991495758634385065442426235476391992612281132096775863804629016834489188326889011227268528017353454138767016037573081015720476731409090651482338627494793682892486923427853038486005208147204267118031
135778458681523759923055329766126766565447041457413386931051770494535915285541896423385346221227200760960507600214162256456530467792242598219651204013273823760436917822309476897729366232463377400483275739592188301601511680378655480051422619111903998530952539993630624560691169071746955927796177429731642658427
110751539554358075864214003412766301531886701898246372740112498379935580177818850038394091298642210200474424588491320792397134436952221457016219945819235333352089308969341083996784611858268703178406873374276704585662442322752882900843663185304507995926612738700264780520693487682377146687486221386896736245869
179769313486231590772930519078902473361797697894230657273430081157732675805500963132708477322407536021120113879871393357658789768814416622492847430637720785334769300002154190027286841103155617451094215670080095638842655600129745143317532008569541275924325044589539517369801850683161463352940228049102882101521
126608503055086014352635493412081361541642414750560158219022316747659825770993934696808122597950500605724025053013262955738633876241587558176262570904674793501986708300220895636967527118588896156337733744069648886242540965522277886086106744700839247105160482271285234673339914925386895904981165809808940984659
120807327884574400813721573746457609962283114407103577366383055326323376746842889270926659810272830088092001763274325153450328037884030175752874079151304600005289999693199982982651195255130939817179361001848616408308592292157659170460219850666287177915265264969694570812378390766264044832678195839046145406737
133557208803608613584614427083321807864568950081642673347209636507482402861410975432320251880971823595811118760272666934151602512667173035844771110363317695079226733359553708438827031203453069639272864602551559941973750959993622308468754976480285592249423945901330640937465628927904445803197824165337080049493
134826985114673693079697889309176855021348273420672992955072560868299506854125722349531357991805652015840085409903545018244092326610812466869635572978958294484036133851525154071869532413053653636344707794672360658138974618353963978546138146007293205916350447471877096738355617937935333711395080148914641879263
147668042217736073976546115470069810379788229667950796305095756518786470468272307513083961000940254229735184797786277364390368674835327442060627013467795439478819937753341148474399321103140369075528783214050497663310590583011972711927003308836579097649226740199337352403579236082296673295739305643803612225647
160509099362654898510506811261890493744741365242358195878316630397478682467314995031397959245794306773196864467950840901383152806002072320033719566372731273222802378755893390889442649948852143646586101768657168143699088829479657833743930275816632995506146402041482836132797374709230538660015589456325896766889
136275675802872513795099821211642112666794668194958248713381274858457414087020219452055943922435091695070937406919386363678073691480594575741405742037794619857598041421690077189474587441978611502214687183646061218222176776831912871038100733622639802173967231324874141844340448640668492195996605899447414033807
173411577237697633620253909672905075853042547870195722745614157292596996387159360885681709455131073290877946346373802645245389032929440766354875632155260418882949748385192213508748306073918063160530394978694945769276392796763942442973861245983951601703917221419192302537139503479175029661997133682617906448577
125650221416246547091893103619311369320339920131487597124052670917178838914758570878262290481375222301813020344181019440931893188304843600520666968508832143172722527048230427333674255520987932130052928005647733953748791794959410662727196656157840122025765418190723572254167491684918476218785617177397633594289
107920247323662026798167233679152129761239853829865251953719206211772771692812998758012767585942570853054926375391503218496342954112149117429111778304199758027574557109884738791731709304917284163480730323743524277222517892052104973410705814072584018238145621674713353598602864565575370770094164585154627631233
124091371618298985387554595996712698248660320124306748235205638133353073634108693128110236513449885976474294328979827247163855816883820879634721704170177940606837671648499752867247760408122220248312704240398850759429142349719320791181098220717677745573222243255107096968501200967136962376774459823470653810121
172529956980359343871827919310109667452345387358569476153039722386842451801409370038038187385482216476316152472650225308945042669197920758387281213005485664807799864416716339430941584689257923430897054972264635405561086166718466754359513269174737618562322509470035250875368541839508898513738418338827801541499
166041881094982545091213313219200178092724567218931582304808036426762075966193967869178041319421693507828611504401736992510282504343574284638543130118353081636673089840507993277754686556806311560740872518354615779144521395407239701899313440825311351730513423983888121570889648251901027919882057136209602043719
155016294409854374746826141317675031515616027941846902629516219445746497028359915241389442852767538846610365527496240057516157827431192155206614371038800535141612619592449117010755886349634043093547416868154029096584995876455489817800215987769356972567508847117720205790414428130379679295866402826226066479551
116975516974435410057619807993095713135155111060596453130400036145058284104326621967814494927805267287392594872533679673274056785555090236256971328349776819946846779016636238579205492537119143841886386490148823150698512835857723253821109906519022774445139651577465488232445586341102758764178193474378648150253
171584206047575336469559794727324811971423558687769880564513541817223894428341046490184648937031973820381756084847657041200673599929404948244190760770306853551988693265007827262059566114055896282114936614330988455797953065384718705747541379907415180477420306036693489886603220985668185802389177126238598855257
101317751358428130593242967950132637570540554938673608375854855032891626156740868854432738208068811355070572409281419277935839713192607014984641173160133125000822610248457290186242764192222263485082504450953447185825552336106814794980038180428688568826550576001934152270379839011669147586815448077415862230681
139321524786427394695530627941334246141006488318997473283913574628915033525131830214183383413213081610089924742717215868283292511588159439942611029114920036874803769445863000617436210980629997196959541687581155666159174159942088005160627000723676575462351364420396244835474469293802697522211719295388519192193
101120238836005269809773416981882641266011205065504744716304420651224630140594291762148518493854239011880064057427658763683069244958109350152226679734719499975246469526075999217455450499055445638276565377588487190359468152457964324703095464190572841167092833626199666587019885897624677431063741945754071651889
126780407216769699546856247871499979871264293547461825850624645918250791167729770597137764542839015949747817846509731974037496517282211722482095269360039394506589736199385042006044477377363997095671969083453847268285169062474772399895142825223479944810054150910005837085406401893207870474323947512367624230361
107435187770756460883487423672172661544959044448356855772182674591872411535939297138065038728892368724078350040236835073287083220365754963906813747301890850747804962323132474107523351961241169416703293387212856988932362139812848791515607734280437360548676336779130023052507843702075245348466269961731243791231
143673416039321758691050612537105473399913453184760330659851256346954854650525055281537836728158927606192595377045609755910345846575498489726297878560421678205224389706179116984732027591217545197598399852146760928916840983168561421876936728779455601987710212505626351147611596015837357572721855447500428588827
138388522132301380493953008346827532217823293244053577838889985340872156668678053727547381562954573276835969946152037506326238191321163913985650352975908336410126531145995355834086994730826433820625244282184990768876311170052964360047579929933890894843614022339425020990740424515089068058131335586651926838687
150573615272398841311372936939273086847163718631982968474577920429296390656871532982497768608721075260411272070572911250299441990497638696130065224891030727506994150944651473630229851726779578339150474849378479146181446887826682865775650891529413702172381489298705439779835939208984297934821320913684877010223
121638626029446485968011413862349285073262069548711086619407414280113136533280314320487895135929308515871512006573117006456310336871972281453119754830397184099286020116592898247329376806976532730435817390774899694398344974706622028839721129274145816583916266738019600298101610948137175615381828248397776914199
